CALsuburb
MITcoast
MITforest
MIThighway
MITinsidecity
MITmountain
MITopencountry
MITstreet
MITtallbuilding
PARoffice
bedroom
industrial
kitchen
livingroom
store

SPM
Dictionary Size = 200
Levels = 2

confusion_matrix =

    90     4    19    13     0     1     9     0     3     0     0     0     0     0     2
     1   189     4    50     0     0    11     0     0     1     4     0     0     0     0
     1     0   223     4     0     0     0     0     0     0     0     0     0     0     0
     0    10     3   130     0     2     4     1     0     1     0     0     0     0     9
     3    15    12    19    94     0     2     5    18     3     0     0    26     0    11
     2    18    55    59     0   109    23     0     5     1     2     0     0     0     0
     3    53    94    34     0     4   121     0     1     0     0     0     0     0     0
     3     2    15    37     5     1     2    97    17     1     2     1     1     0     8
     0     9    17    33     4     5     1     1   167     3     8     2     4     1     1
     0     3     0     8     5     0     0     0     0    85     2     0    11     0     1
     0     5     6     5     0     1     1     0     3    21    39     0    27     5     3
    11    35    19    32    11     5     3     5    29    10    12     2    11     1    25
     0     1     0     1     7     1     0     0     4    26     7     0    62     1     0
     0     8     6     2     0     1     0     0     5    29    35     0    72    10    21
     0     3    81     0    17     3     2     1     8     5     2     0    17     1    75


accuracy =

    0.5002


accuracy_of_class =

    0.6383
    0.7269
    0.9781
    0.8125
    0.4519
    0.3978
    0.3903
    0.5052
    0.6523
    0.7391
    0.3362
    0.0095
    0.5636
    0.0529
    0.3488

Elapsed time is 50.921827 seconds.

SPM
Dictionary Size = 200
Levels = 3
confusion_matrix =

    77     3    20    24     0     0    14     1     1     0     0     0     0     0     1
     0   171     4    70     0     0    11     0     0     2     2     0     0     0     0
     0     0   223     4     0     0     0     0     0     0     0     1     0     0     0
     0     8     6   133     0     0     5     0     0     1     0     0     0     0     7
     3    13    16    28    86     1     2     4    19     6     1     0    21     0     8
     2    17    56    96     0    69    25     0     7     1     1     0     0     0     0
     6    44    92    54     0     1   112     0     1     0     0     0     0     0     0
     2     0    16    55     4     1     1    90    17     1     1     0     1     0     3
     0    11    21    57     2     1     2     2   147     0     7     1     4     0     1
     0     6     0    11     1     0     0     0     0    87     0     0    10     0     0
     0     5     6    10     0     0     2     1     2    19    39     0    25     4     3
     4    38    27    50     6     5     2     2    25     8     8     6    11     2    17
     0     1     0     2     5     1     0     1     6    24    10     0    59     1     0
     0     7     9     8     0     1     0     0     2    33    34     0    67    11    17
     0     2    99     0    15     2     2     2     9     5     3     0    17     0    59


accuracy =

    0.4586


accuracy_of_class =

    0.5461
    0.6577
    0.9781
    0.8313
    0.4135
    0.2518
    0.3613
    0.4688
    0.5742
    0.7565
    0.3362
    0.0284
    0.5364
    0.0582
    0.2744

Elapsed time is 27.938833 seconds.


SPM
Dictionary Size = 200
Levels = 1

confusion_matrix =

   106     2     9     9     1     2     6     0     2     0     0     0     0     0     4
     2   196     4    42     0     0    10     0     0     1     5     0     0     0     0
     0     0   222     1     0     4     1     0     0     0     0     0     0     0     0
     0    20     3   117     0     4     3     1     0     2     0     0     1     0     9
     5    14     7    13   109     1     2     4    18     3     0     0    20     0    12
     2    13    42    35     0   155    19     1     5     1     1     0     0     0     0
    10    60    88    24     0     8   119     0     1     0     0     0     0     0     0
     0     2    14    34     7     7     0    83    30     1     4     0     0     1     9
     2     5     8    16     4     6     0     3   196     2     7     0     3     2     2
     0     2     0     3     4     0     0     0     1    87     8     0     9     0     1
     1     3     3     6     0     2     1     0     5    19    36     0    31     4     5
    15    30    11    27    14     7     4     7    32    10    12     1    10     1    30
     0     1     0     0     8     1     0     0     3    28     6     0    61     1     1
     1     7     2     2     2     3     0     0    10    38    26     0    64    11    23
     4     2    43     0    21     8     2     1     9     5     1     0    16     2   101


accuracy =

    0.5360


accuracy_of_class =

    0.7518
    0.7538
    0.9737
    0.7312
    0.5240
    0.5657
    0.3839
    0.4323
    0.7656
    0.7565
    0.3103
    0.0047
    0.5545
    0.0582
    0.4698

Elapsed time is 18.078641 seconds.


SPM
Dictionary Size = 1024
Levels = 1
confusion_matrix =

    88     3    21     6     3     0     2    13     1     0     0     0     1     0     3
     3   180     4    47     0     0    21     3     0     1     1     0     0     0     0
     0     0   219     4     0     0     1     3     1     0     0     0     0     0     0
     1    18     2   119     0     3     3     3     4     0     1     0     0     0     6
     4    11     7    12    98     1     1    12    17     6     0     2    28     1     8
     5    12    66    52     0    88    26    14     7     1     2     1     0     0     0
    17    66   101    30     0     8    74     8     4     1     1     0     0     0     0
     3     7    10    42     6     1     1    90    19     3     0     0     2     1     7
     3     3     5    20     2     2     1    11   191     4     1     0     8     2     3
     0     3     0     0     1     0     0     3     0    97     1     0    10     0     0
     0     6     5     4     0     0     1     2     5    22    24     0    42     1     4
     7    36    10    22    13     4     8    20    35    13     6     2    16     3    16
     0     0     0     0     5     0     0     1     2    19     2     0    78     1     2
     2     7     5     2     3     1     0     1    10    36    16     0    85     4    17
     1     4    60     0    29     6     0     2    16     7     3     0    16     0    71


accuracy =

    0.4767


accuracy_of_class =

    0.6241
    0.6923
    0.9605
    0.7438
    0.4712
    0.3212
    0.2387
    0.4688
    0.7461
    0.8435
    0.2069
    0.0095
    0.7091
    0.0212
    0.3302

Elapsed time is 23.164462 seconds.


SPM
Dictionary Size = 1024
Levels = 2

confusion_matrix =

    68     2    20    19     4     1     1    22     1     0     0     0     1     0     2
     3   165     3    56     0     0    26     4     1     1     1     0     0     0     0
     0     0   217     5     0     1     1     3     1     0     0     0     0     0     0
     1    18     2   123     2     0     3     4     3     0     0     0     0     0     4
     3    13     7    17    85     1     1    13    19     6     0     1    39     0     3
     5    17    60    80     0    58    28    18     6     0     2     0     0     0     0
    12    65    79    48     0     3    86    11     6     0     0     0     0     0     0
     2     7     8    46     6     1     0    93    17     3     0     0     3     0     6
     3     4     5    32     0     1     1    12   183     3     0     0    11     1     0
     1     3     0     1     1     0     0     2     0   100     0     0     7     0     0
     0     6     4     4     0     0     1     2     5    21    34     0    36     1     2
     8    37    10    32    13     2     8    19    37    12     6     1    16     2     8
     0     0     0     0     2     0     0     1     5    21     2     0    77     1     1
     2     7     4     3     2     1     0     3    10    36    16     0    94     2     9
     1     6    66     0    32     3     2     2    14     8     3     0    20     0    58


accuracy =

    0.4523


accuracy_of_class =

    0.4823
    0.6346
    0.9518
    0.7688
    0.4087
    0.2117
    0.2774
    0.4844
    0.7148
    0.8696
    0.2931
    0.0047
    0.7000
    0.0106
    0.2698

Elapsed time is 17.770016 seconds.


SPM
Dictionary Size = 1024
Levels = 3


confusion_matrix =

    63     1    12    32     4     0     1    26     0     0     0     0     1     0     1
     3   153     2    66     0     0    28     5     1     1     1     0     0     0     0
     2     0   212     8     0     0     3     3     0     0     0     0     0     0     0
     1    16     2   126     2     1     3     4     3     0     0     0     0     0     2
     4    14     5    25    79     1     1    16    21     8     0     0    34     0     0
     7    15    46   105     0    38    35    21     6     0     1     0     0     0     0
    15    60    64    61     0     1    90    15     4     0     0     0     0     0     0
     3     2     6    63     4     0     0    97    12     0     0     0     1     0     4
     2     4     3    51     0     1     1    17   164     5     0     0     8     0     0
     1     3     0     4     1     0     0     3     0    98     0     0     5     0     0
     1     7     4     6     0     0     1     3     6    18    38     0    30     1     1
     8    33     9    46     9     1     8    22    39     8     4     0    18     1     5
     0     0     0     0     1     0     0     4     6    21     3     0    73     1     1
     2     7     4     5     2     1     0     3     9    39    19     0    89     4     5
     0     8    65     4    31     2     3     3    16     8     5     0    27     0    43


accuracy =

    0.4281


accuracy_of_class =

    0.4468
    0.5885
    0.9298
    0.7875
    0.3798
    0.1387
    0.2903
    0.5052
    0.6406
    0.8522
    0.3276
         0
    0.6636
    0.0212
    0.2000

Elapsed time is 45.099759 seconds.



LLC
Dictionary Size = 200
Levels = 1

confusion_matrix =

   123     0     0     1     2     0     2     1     2     3     0     2     0     1     4
     0   213     5    14     0     8    15     0     0     3     0     1     0     0     1
     2     1   201     1     0    14     3     2     0     0     0     0     0     0     4
     3    19     1   120     3     3     0     2     0     1     0     1     1     0     6
    14     0     0     6   120     0     1     8    21     4     1     5     9     1    18
     2    14    13    14     0   213    12     1     3     0     0     0     0     1     1
     9    90    23    19     1    23   134     3     3     0     1     1     0     0     3
    11     0     0    17     7     4     2   129    12     1     0     3     1     2     3
     1     0     2     2     8     1     0     8   218     0     5     2     2     2     5
     1     0     0     3     3     0     0     3     0    85     6     0    12     1     1
     3     0     0     3     3     2     0     2     4    17    48     1    20     5     8
    12     7     3    12    17     4     1    17    35    13    13    35    10     5    27
     3     0     0     2     5     0     0     3     3    32    12     1    37     7     5
     7     0     0     1     9     1     0     6     9    28    40     3    34    24    27
     4     0     8     6    24    11     1    18     7     9    14     4    14    10    85


accuracy =

    0.5980


accuracy_of_class =

    0.8723
    0.8192
    0.8816
    0.7500
    0.5769
    0.7774
    0.4323
    0.6719
    0.8516
    0.7391
    0.4138
    0.1659
    0.3364
    0.1270
    0.3953

Elapsed time is 365.263069 seconds.



LLC
Dictionary Size = 200
Levels = 2

confusion_matrix =

   132     0     0     0     0     0     0     3     0     0     3     0     0     1     2
     0   217     4     7     0     3    24     1     0     2     1     1     0     0     0
     0     0   213     0     1     8     4     0     0     0     0     0     0     0     2
     5    18     0   121     3     1     0     1     0     0     1     3     0     0     7
    10     1     0     0   156     0     0    10     8     0     0    10     6     0     7
     4    14     6     3     0   220    16     2     4     0     3     1     0     0     1
     8    49    23    10     0    12   198     1     1     0     0     1     0     1     6
     5     0     1     7     6     2     1   158     5     0     1     4     0     1     1
     0     0     2     0     4     2     0     1   228     1     0    11     3     1     3
     0     0     0     0     1     0     0     1     0   103     3     1     2     3     1
     2     0     0     0     3     1     1     1     0    14    70     2     5    13     4
    12     3     2     5    21     5     6     5    24    13     3    70     7     5    30
     1     0     0     0     5     0     0     1     1    14    10     2    48    19     9
     2     0     0     0     1     1     0     1     6    13    39     1    21    82    22
     2     0     4     2    16     6     1     3     5     1     5     8    14    18   130


accuracy =

    0.7189


accuracy_of_class =

    0.9362
    0.8346
    0.9342
    0.7562
    0.7500
    0.8029
    0.6387
    0.8229
    0.8906
    0.8957
    0.6034
    0.3318
    0.4364
    0.4339
    0.6047

Elapsed time is 79.378724 seconds.



LLC
Dictionary Size = 200
Levels = 3


confusion_matrix =

   137     0     0     0     2     0     0     0     0     0     1     0     0     1     0
     0   220     3     8     0     3    20     1     0     2     0     3     0     0     0
     0     0   221     0     0     6     0     0     0     0     0     0     0     0     1
     1     8     0   129     3     0     2     3     0     0     1     3     1     1     8
     3     1     0     1   157     0     0     8     7     0     0    12    10     3     6
     0     9     6     4     0   227    17     0     3     0     1     5     0     0     2
     6    48    14    12     0    17   198     3     0     0     0     4     1     2     5
     2     0     0    10     5     2     2   156     4     0     1     6     0     1     3
     0     0     0     1     5     1     0     1   214     1     0    24     4     2     3
     0     0     0     0     0     0     0     1     0   101     2     2     6     0     3
     0     0     0     0     1     0     0     3     0     8    76     3     4    18     3
     2     2     2     2    14     6     5     6    16     8     7   101     6     7    27
     0     0     0     0     0     1     0     0     0     9    12     2    63    18     5
     1     0     0     0     4     1     0     2     3     9    24     4    11   119    11
     0     1     2     1    13     4     0     2     4     5     3    10    10    12   148


accuracy =

    0.7595


accuracy_of_class =

    0.9716
    0.8462
    0.9693
    0.8063
    0.7548
    0.8285
    0.6387
    0.8125
    0.8359
    0.8783
    0.6552
    0.4787
    0.5727
    0.6296
    0.6884

Elapsed time is 404.087941 seconds.


LLC
Dictionary Size = 1024
Levels = 1

confusion_matrix =

   140     0     0     1     0     0     0     0     0     0     0     0     0     0     0
     1   225     5     4     1     6    17     1     0     0     0     0     0     0     0
     0     0   205     0     0    15     3     4     0     0     0     0     0     0     1
     0     5     0   134     2     4     5     4     0     0     0     1     0     0     5
    11     1     0     1   145     0     0    14    15     0     2     6     2     0    11
     1    12     9     4     0   229    13     3     2     0     1     0     0     0     0
     7    52    20     7     0    34   186     2     0     0     0     1     0     0     1
     7     0     1     4     5     2     0   167     2     0     0     2     0     0     2
     2     0     2     0     5     3     0    13   221     0     2     4     0     0     4
     0     0     0     0     1     0     0     0     0   100     2     0    10     1     1
     1     0     0     0     1     0     0     1     1    14    57     3    23    11     4
    10     1     6     6    16     3     3    12    28     7    14    72     3     5    25
     1     0     0     0     2     0     0     2     3    10    15     1    58    10     8
     3     0     0     1     4     1     0     7     3    25    45     3    28    43    26
     7     0     6     0    19    10     2     6    10     5     4     6    10     5   125


accuracy =

    0.7059


accuracy_of_class =

    0.9929
    0.8654
    0.8991
    0.8375
    0.6971
    0.8358
    0.6000
    0.8698
    0.8633
    0.8696
    0.4914
    0.3412
    0.5273
    0.2275
    0.5814

Elapsed time is 703.524407 seconds.

LLC
Dictionary Size = 1024
Levels = 2

confusion_matrix =

   141     0     0     0     0     0     0     0     0     0     0     0     0     0     0
     0   215     4     3     0     3    32     1     0     0     0     2     0     0     0
     1     0   212     0     0     9     3     2     0     0     0     0     0     0     1
     1     3     0   140     3     1     4     2     0     0     0     3     0     1     2
     6     1     0     1   163     0     0     8     8     2     0    10     0     0     9
     1     9     8     3     0   230    18     0     3     0     1     0     0     0     1
     6    32    17    11     0    11   228     2     0     0     1     2     0     0     0
     3     0     1     5     7     0     1   169     1     0     0     2     0     1     2
     1     0     2     1     8     5     0     1   217     0     0    15     1     0     5
     1     0     0     0     1     0     0     1     0   106     1     0     4     1     0
     1     0     0     0     2     1     0     1     1     8    74     2    10    15     1
     7     3     1     1    20     0     3     6    19     4     4   106     6     2    29
     1     0     0     0     1     0     0     1     1     8     3     2    64    21     8
     2     0     0     1     1     1     0     6     1    10    33     6    10   101    17
     3     0     4     1    13     9     1     1     6     2     3     6     7     8   151


accuracy =

    0.7762


accuracy_of_class =

    1.0000
    0.8269
    0.9298
    0.8750
    0.7837
    0.8394
    0.7355
    0.8802
    0.8477
    0.9217
    0.6379
    0.5024
    0.5818
    0.5344
    0.7023

Elapsed time is 79.492454 seconds.


LLC
Dictionary Size = 1024
Levels = 3


confusion_matrix =

   141     0     0     0     0     0     0     0     0     0     0     0     0     0     0
     1   216     3     7     0     1    29     0     0     0     1     2     0     0     0
     1     0   216     0     0     7     2     2     0     0     0     0     0     0     0
     1     4     0   137     3     2     5     1     0     0     0     2     0     0     5
     9     2     0     2   155     0     0     3     8     2     0     8     7     0    12
     0     7     6     1     0   238    16     1     2     0     1     1     0     0     1
     3    35     9    10     0    11   234     2     0     0     1     3     1     0     1
     1     0     1     4     5     1     1   171     0     0     1     2     0     2     3
     0     0     2     0     8     2     0     2   224     0     1    10     3     0     4
     0     0     0     0     1     0     0     0     0   109     1     0     1     3     0
     1     0     0     0     2     1     0     0     0     3    81     1     8    19     0
     4     7     4     1    18     2     5    10    16     4     1   106     7     6    20
     0     0     0     0     2     0     0     1     1     5     7     0    76    13     5
     1     0     0     0     0     1     0     2     1     6    27     5    12   118    16
     0     0     3     1     9     7     1     1     6     1     3     4     3     9   167


accuracy =

    0.8003


accuracy_of_class =

    1.0000
    0.8308
    0.9474
    0.8562
    0.7452
    0.8686
    0.7548
    0.8906
    0.8750
    0.9478
    0.6983
    0.5024
    0.6909
    0.6243
    0.7767

Elapsed time is 664.246196 seconds.

